Notae authori&

Lib. 0111 Lib.¹ vers
1. 3730111111. xu. 113. 011. Νοὸιπὶ.
40. Jacob min. 1451411111.
368, 378, 304, 800. Virgilius. 148. Moyses.
’ 5011011010. 187. Jesus.
500. Jacob. · 100. 111011.
510. 511111. 193. Simon Ouiae 111.
511. Daniel. 10511111 Sir.
11. 18. David. 113.Ζ111111.
40. Statius. 110. Michaeas.
153, 100, 114, 300, 713, 777. 011311. 1151111111.
451. Jonas. 117. Daniel.
QOmmmfflffi mma
478, 551, 015, 703, 781. 011311. 151. Josue.
4851111111. 154. Caleb.
480.Ι Jeroh. 1851111111.
040. Perseus. 310. 11111101.
10. 1, 10, 103, 178, 130, 145, 314, 311. 1111101111.
301, 415, 401, 040, 740, 701. 3131011010.
Vir il. 310. zorobabel.
010. §urium 330. Sara.
V. 111. 011311. 344. Rachel, Lia.
474, 511. 0110. 347. Sephora.
091. 511111. 351. Maria.
01. 00, 88, 110, 187, 131, 350, 500, 357. 11111111.
544, 715. 011311. 11111. 111. 011311.
011. 85, 341, 071, 778. 011311. 111030101111.
170. 1111ιί1ορ1111. 100, 441, 033, 008, 780. 011311.
0111. 513. 011311. 414. chrysost. et 1111.
IX. 100, 101, 480, 004, 748. 011311. XV. 114, 710. 011311.
X. 358, 494, 005, 751. 011311. 1438110101.
474. D. Anse1m. xvl. 117, 141, 174, 333, 405, 584, 741.
xl. 151. Templ. Selom. 011311.
351, 071. 011 11. 11011. 09, 118, 115. 011311.
111138, 700. 011310

 

